            86.381    
            85.872    
            85.684    
            83.544    
            84.967    
            92.310    
            96.909    
            92.669    
            86.370    
            85.779    
            84.920    
            85.324    
            83.245    
            83.852    
            83.042    
            86.704    
            94.401    
            97.587    
            92.735    
            82.639    
            79.067    
            82.417    
            89.669    
            87.690    
            87.874    
            92.047    
            95.518    
            97.060    
            98.354    
            94.052    
            87.479    
            83.976    
            81.816    
            89.513    
            88.956    
            87.040    
            91.850    
            95.406    
            94.974    
            97.893    
            94.814    
            88.583    
            85.264    
            82.502    
            93.213    
            90.992    
            84.886    
            88.629    
            89.729    
            94.545    
            98.458    
            94.054    
            86.269    
            85.880    
            85.085    
            84.132    
            89.371    
            90.303    
            90.666    
            87.691    
            92.992    
            98.519    
            95.894    
            90.001    
            83.266    
            82.797    
            87.615    
            86.464    
            88.145    
            89.896    
            90.189    
            96.779    
            98.749    
            95.017    
            89.490    
            83.979    
            82.533    
            84.143    
            83.102    
            81.664    
            83.449    
            87.821    
            92.958    
            98.216    
            94.985    
            86.146    
            80.329    
            79.203    
            86.434    
            83.841    
            79.078    
            82.274    
            80.001    
            93.462    
            98.580    
            94.133    
            85.698    
            82.849    
            82.997    
            88.217    
            88.231    
            87.357    
            85.668    
            85.430    
            93.595    
            98.577    
            93.589    
            86.557    
            83.859    
            83.142    
            89.218    
            88.721    
            87.629    
            82.822    
            79.461    
            92.530    
            98.007    
            92.795    
            83.043    
            85.104    
            83.614    
            87.638    
            82.678    
            83.621    
            83.432    
            85.180    
            93.572    
            98.079    
            93.994    
            83.883    
            82.477    
            77.119    
            84.846    
            82.548    
            82.660    
            88.127    
            89.399    
            92.925    
            96.057    
            89.160    
            85.847    
            85.191    
            80.594    
            86.400    
            84.161    
            83.898    
            83.456    
            82.813    
            94.045    
            98.733    
            94.375    
            84.238    
            83.019    
            77.237    
            87.224    
            85.852    
            88.964    
            89.878    
            91.690    
            94.633    
            98.107    
            92.428    
            85.866    
            87.832    
            85.012    
            89.185    
            87.964    
            89.916    
            89.343    
            89.808    
            94.226    
            98.038    
            93.447    
            83.655    
            84.120    
            82.746    
            91.636    
            84.886    
            85.429    
            90.039    
            94.356    
            97.588    
            99.636    
            95.052    
            82.711    
            77.303    
            87.740    
            91.738    
            90.210    
            89.386    
            86.988    
            87.214    
            95.374    
            98.958    
            93.392    
            82.001    
            83.478    
            85.626    
            88.575    
            87.354    
            87.427    
            84.908    
            82.926    
            92.202    
            98.078    
            95.776    
            93.391    
            90.692    
            85.737    
            86.532    
            84.344    
            87.229    
            91.730    
            94.206    
            94.663    
            96.838    
            92.383    
            86.912    
            87.372    
            88.826    
            88.022    
            81.851    
            80.630    
            84.893    
            91.752    
            94.212    
            97.116    
            92.586    
            84.594    
            85.667    
            90.082    
            81.696    
            84.522    
            87.871    
            87.284    
            87.990    
            95.313    
            98.183    
            91.963    
            83.795    
            86.079    
            84.209    
            89.828    
            87.624    
            84.721    
            77.147    
            85.392    
            94.344    
            97.801    
            92.591    
            82.365    
            83.737    
            84.876    
            87.233    
            87.278    
            86.630    
            81.537    
            88.185    
            94.661    
            97.816    
            93.973    
            84.155    
            83.794    
            84.974    
            84.805    
            87.703    
            87.928    
            87.329    
            88.377    
            95.287    
            98.889    
            95.707    
            90.341    
            87.851    
            83.129    
            90.397    
            83.450    
            82.092    
            85.788    
            87.814    
            95.552    
            98.908    
            93.581    
            82.055    
            84.546    
            85.048    
            89.086    
            83.454    
            83.870    
            81.000    
            85.331    
            92.459    
            97.567    
            93.350    
            89.973    
            85.710    
            83.107    
            84.769    
            80.283    
            77.065    
            82.637    
            87.133    
            96.295    
            99.943    
            95.642    
            89.632    
            86.865    
            85.867    
            88.354    
            86.337    
            82.401    
            78.806    
            86.906    
            93.544    
            99.256    
            95.846    
            84.551    
            83.814    
            84.283    
            89.309    
            84.688    
            84.770    
            86.162    
            85.813    
            92.776    
            97.659    
            91.997    
            79.733    
            84.830    
            87.463    
