 estimated covariance matrices using dpss
 388.000000     0.000 dB
 21
 212.250000
 172.880000
 127.880000
 206.620000
 167.260000
 122.250000
 200.990000
 161.620000
 116.620000
 195.380000
 155.990000
 111.000000
 189.760000
 150.380000
 105.380000
 184.120000
 144.740000
 99.755000
 178.490000
 139.120000
 94.125000
         1         1 (8.142569E-10,0.000000E+00) 
         1         2 (1.939921E-10,-1.452115E-10) 
         1         3 (3.291985E-10,-3.010608E-10) 
         1         4 (2.320655E-10,-3.886597E-10) 
         1         5 (-1.397378E-10,-4.190197E-10) 
         1         6 (-7.734577E-10,1.346814E-10) 
         1         7 (-1.927346E-11,1.391245E-10) 
         1         8 (2.137918E-10,6.931256E-11) 
         1         9 (1.967954E-11,6.274462E-10) 
         1        10 (-4.985943E-11,5.915904E-10) 
         1        11 (2.207765E-10,3.128568E-10) 
         1        12 (-9.054127E-12,9.655816E-11) 
         1        13 (-3.696715E-10,-2.877094E-10) 
         1        14 (-2.490725E-10,-4.015976E-10) 
         1        15 (4.124462E-10,-1.963676E-10) 
         1        16 (-2.413129E-10,1.736990E-10) 
         1        17 (-1.809644E-10,5.208689E-10) 
         1        18 (1.692507E-10,1.329362E-10) 
         1        19 (-2.146013E-10,-2.239874E-10) 
         1        20 (-4.370397E-10,-3.110031E-10) 
         1        21 (2.668193E-10,1.627980E-10) 
         2         1 (1.939921E-10,1.452115E-10) 
         2         2 (3.338679E-10,0.000000E+00) 
         2         3 (2.587274E-10,-1.586310E-10) 
         2         4 (1.758987E-10,-1.282948E-10) 
         2         5 (-1.920263E-10,-2.166668E-10) 
         2         6 (-6.615509E-11,-1.557642E-10) 
         2         7 (-1.579310E-10,6.665529E-11) 
         2         8 (-7.677216E-11,2.469590E-10) 
         2         9 (-5.222532E-11,1.434959E-10) 
         2        10 (-1.090540E-10,3.376874E-10) 
         2        11 (-3.982010E-11,2.639569E-10) 
         2        12 (5.094118E-11,-5.166323E-11) 
         2        13 (-9.519852E-11,-1.991085E-10) 
         2        14 (-5.214197E-11,-9.520842E-11) 
         2        15 (-1.876598E-11,-7.832580E-13) 
         2        16 (-1.019203E-11,1.308194E-10) 
         2        17 (-7.860369E-11,9.870908E-11) 
         2        18 (-1.573427E-10,1.401921E-10) 
         2        19 (-2.441428E-11,-1.382086E-10) 
         2        20 (4.457764E-11,-8.666944E-11) 
         2        21 (-1.390775E-10,-6.832786E-11) 
         3         1 (3.291985E-10,3.010608E-10) 
         3         2 (2.587274E-10,1.586310E-10) 
         3         3 (5.070995E-10,0.000000E+00) 
         3         4 (2.861990E-10,-1.797835E-11) 
         3         5 (6.014149E-11,-4.956902E-10) 
         3         6 (-2.581329E-10,-2.336366E-10) 
         3         7 (-1.478859E-10,-4.690405E-11) 
         3         8 (-1.638948E-10,2.613332E-10) 
         3         9 (-1.212234E-10,2.894542E-10) 
         3        10 (-4.878934E-10,3.240328E-10) 
         3        11 (-1.381191E-10,3.250589E-10) 
         3        12 (6.128388E-11,4.107187E-11) 
         3        13 (-5.450798E-11,-4.007149E-10) 
         3        14 (1.517191E-11,-3.308065E-10) 
         3        15 (1.042459E-10,-3.190661E-11) 
         3        16 (-1.864975E-10,1.169126E-10) 
         3        17 (-2.284343E-10,1.497626E-10) 
         3        18 (-2.643748E-10,7.550414E-11) 
         3        19 (1.744741E-10,-2.212357E-10) 
         3        20 (-5.270552E-11,-1.989042E-10) 
         3        21 (-2.086220E-11,-2.945011E-11) 
         4         1 (2.320655E-10,3.886597E-10) 
         4         2 (1.758987E-10,1.282948E-10) 
         4         3 (2.861990E-10,1.797835E-11) 
         4         4 (3.510407E-10,0.000000E+00) 
         4         5 (6.270950E-11,-2.931938E-10) 
         4         6 (-2.877746E-10,-2.934982E-10) 
         4         7 (-1.402708E-10,7.350055E-12) 
         4         8 (5.576582E-11,1.418196E-10) 
         4         9 (-2.941514E-10,1.691922E-10) 
         4        10 (-3.502901E-10,2.831440E-10) 
         4        11 (-1.016256E-10,2.168570E-10) 
         4        12 (-2.485172E-12,1.811194E-11) 
         4        13 (-2.414976E-11,-2.790116E-10) 
         4        14 (3.686053E-11,-2.685117E-10) 
         4        15 (2.065009E-10,1.385606E-10) 
         4        16 (-1.728811E-10,-3.355195E-11) 
         4        17 (-3.251823E-10,8.729560E-11) 
         4        18 (-2.898520E-11,1.882510E-10) 
         4        19 (1.374364E-11,-3.029800E-10) 
         4        20 (2.943116E-11,-2.535227E-10) 
         4        21 (1.321392E-11,1.453930E-10) 
         5         1 (-1.397378E-10,4.190197E-10) 
         5         2 (-1.920263E-10,2.166668E-10) 
         5         3 (6.014149E-11,4.956902E-10) 
         5         4 (6.270950E-11,2.931938E-10) 
         5         5 (6.198684E-10,0.000000E+00) 
         5         6 (1.353791E-11,-3.447332E-10) 
         5         7 (8.152429E-11,-1.353281E-10) 
         5         8 (-1.868165E-10,-1.137114E-10) 
         5         9 (-3.651384E-10,-1.530337E-11) 
         5        10 (-4.128388E-10,-4.568251E-10) 
         5        11 (-2.859637E-10,-9.207428E-11) 
         5        12 (-9.717525E-11,1.074395E-10) 
         5        13 (3.876927E-10,-1.509825E-10) 
         5        14 (3.915665E-10,-1.160643E-10) 
         5        15 (1.548640E-10,1.551402E-10) 
         5        16 (-1.733884E-10,-2.378570E-10) 
         5        17 (-2.588852E-10,-1.822138E-10) 
         5        18 (-4.893173E-11,-2.153352E-10) 
         5        19 (2.784310E-10,1.337937E-10) 
         5        20 (1.105518E-10,-1.974960E-10) 
         5        21 (7.662078E-11,1.134198E-10) 
         6         1 (-7.734577E-10,-1.346814E-10) 
         6         2 (-6.615509E-11,1.557642E-10) 
         6         3 (-2.581329E-10,2.336366E-10) 
         6         4 (-2.877746E-10,2.934982E-10) 
         6         5 (1.353791E-11,3.447332E-10) 
         6         6 (8.890933E-10,0.000000E+00) 
         6         7 (-1.317715E-11,-1.394793E-10) 
         6         8 (-3.739207E-10,-3.641513E-11) 
         6         9 (1.185728E-10,-5.664461E-10) 
         6        10 (1.152850E-10,-5.187738E-10) 
         6        11 (-2.466871E-10,-2.663846E-10) 
         6        12 (7.513567E-11,-1.011612E-10) 
         6        13 (3.368917E-10,2.752236E-10) 
         6        14 (1.701000E-10,4.576166E-10) 
         6        15 (-5.100184E-10,3.331315E-11) 
         6        16 (2.713069E-10,-2.810375E-11) 
         6        17 (3.139820E-10,-4.520761E-10) 
         6        18 (-2.771395E-10,-2.340190E-10) 
         6        19 (1.975288E-10,3.193363E-10) 
         6        20 (3.943923E-10,4.275332E-10) 
         6        21 (-2.873847E-10,-3.663859E-10) 
         7         1 (-1.927346E-11,-1.391245E-10) 
         7         2 (-1.579310E-10,-6.665529E-11) 
         7         3 (-1.478859E-10,4.690405E-11) 
         7         4 (-1.402708E-10,-7.350055E-12) 
         7         5 (8.152429E-11,1.353281E-10) 
         7         6 (-1.317715E-11,1.394793E-10) 
         7         7 (1.302031E-10,0.000000E+00) 
         7         8 (1.994469E-11,-1.485405E-10) 
         7         9 (8.702222E-11,1.102406E-11) 
         7        10 (1.282792E-10,-1.782850E-10) 
         7        11 (7.390477E-11,-1.243548E-10) 
         7        12 (-5.160256E-11,3.825662E-11) 
         7        13 (3.670561E-11,1.031356E-10) 
         7        14 (2.209121E-12,6.627043E-11) 
         7        15 (3.073339E-11,-6.652768E-11) 
         7        16 (4.260392E-12,-3.643262E-11) 
         7        17 (8.011186E-11,1.821155E-11) 
         7        18 (1.233941E-10,-1.362569E-10) 
         7        19 (-3.710445E-11,1.684793E-10) 
         7        20 (-8.231550E-11,1.746438E-11) 
         7        21 (9.827539E-11,3.269517E-11) 
         8         1 (2.137918E-10,-6.931256E-11) 
         8         2 (-7.677216E-11,-2.469590E-10) 
         8         3 (-1.638948E-10,-2.613332E-10) 
         8         4 (5.576582E-11,-1.418196E-10) 
         8         5 (-1.868165E-10,1.137114E-10) 
         8         6 (-3.739207E-10,3.641513E-11) 
         8         7 (1.994469E-11,1.485405E-10) 
         8         8 (4.836666E-10,0.000000E+00) 
         8         9 (-2.662275E-11,5.282202E-11) 
         8        10 (2.523864E-10,2.439215E-10) 
         8        11 (2.796260E-10,2.250995E-11) 
         8        12 (-5.640529E-11,-3.508409E-11) 
         8        13 (-2.734468E-10,9.326191E-11) 
         8        14 (-1.420148E-10,-8.542714E-11) 
         8        15 (1.840923E-10,1.351846E-10) 
         8        16 (2.669148E-11,-8.133628E-11) 
         8        17 (-8.211837E-11,1.079114E-10) 
         8        18 (2.979736E-10,3.340137E-10) 
         8        19 (-2.202997E-10,-2.535881E-10) 
         8        20 (-1.110913E-10,-1.207668E-10) 
         8        21 (5.333890E-11,3.109480E-10) 
         9         1 (1.967954E-11,-6.274462E-10) 
         9         2 (-5.222532E-11,-1.434959E-10) 
         9         3 (-1.212234E-10,-2.894542E-10) 
         9         4 (-2.941514E-10,-1.691922E-10) 
         9         5 (-3.651384E-10,1.530337E-11) 
         9         6 (1.185728E-10,5.664461E-10) 
         9         7 (8.702222E-11,-1.102406E-11) 
         9         8 (-2.662275E-11,-5.282202E-11) 
         9         9 (5.702018E-10,0.000000E+00) 
         9        10 (3.490747E-10,1.001534E-10) 
         9        11 (2.463718E-10,-1.021453E-10) 
         9        12 (9.457910E-11,5.881313E-12) 
         9        13 (-2.513790E-10,2.040847E-10) 
         9        14 (-3.246413E-10,1.666735E-10) 
         9        15 (-2.300716E-10,-3.480585E-10) 
         9        16 (1.453119E-10,2.498811E-10) 
         9        17 (4.291855E-10,1.463673E-10) 
         9        18 (-3.212684E-11,-1.335960E-10) 
         9        19 (-8.072757E-11,1.607805E-10) 
         9        20 (-2.425817E-10,3.322912E-10) 
         9        21 (6.926896E-11,-2.473634E-10) 
        10         1 (-4.985943E-11,-5.915904E-10) 
        10         2 (-1.090540E-10,-3.376874E-10) 
        10         3 (-4.878934E-10,-3.240328E-10) 
        10         4 (-3.502901E-10,-2.831440E-10) 
        10         5 (-4.128388E-10,4.568251E-10) 
        10         6 (1.152850E-10,5.187738E-10) 
        10         7 (1.282792E-10,1.782850E-10) 
        10         8 (2.523864E-10,-2.439215E-10) 
        10         9 (3.490747E-10,-1.001534E-10) 
        10        10 (8.119092E-10,0.000000E+00) 
        10        11 (3.337996E-10,-2.228002E-10) 
        10        12 (-1.220741E-11,-8.228013E-11) 
        10        13 (-2.121146E-10,4.700709E-10) 
        10        14 (-2.797709E-10,3.555465E-10) 
        10        15 (-9.184755E-11,-1.654858E-10) 
        10        16 (2.404413E-10,7.995238E-11) 
        10        17 (3.894986E-10,9.087268E-11) 
        10        18 (3.554197E-10,-1.288089E-11) 
        10        19 (-4.211675E-10,2.152166E-10) 
        10        20 (-1.349878E-10,2.687818E-10) 
        10        21 (5.877751E-11,-6.250984E-11) 
        11         1 (2.207765E-10,-3.128568E-10) 
        11         2 (-3.982010E-11,-2.639569E-10) 
        11         3 (-1.381191E-10,-3.250589E-10) 
        11         4 (-1.016256E-10,-2.168570E-10) 
        11         5 (-2.859637E-10,9.207428E-11) 
        11         6 (-2.466871E-10,2.663846E-10) 
        11         7 (7.390477E-11,1.243548E-10) 
        11         8 (2.796260E-10,-2.250995E-11) 
        11         9 (2.463718E-10,1.021453E-10) 
        11        10 (3.337996E-10,2.228002E-10) 
        11        11 (3.311101E-10,0.000000E+00) 
        11        12 (-3.294247E-11,-2.299352E-11) 
        11        13 (-2.843366E-10,1.337438E-10) 
        11        14 (-2.382109E-10,2.115864E-11) 
        11        15 (4.143256E-11,-8.668508E-11) 
        11        16 (7.761568E-11,7.661944E-11) 
        11        17 (1.318666E-10,1.826154E-10) 
        11        18 (2.076114E-10,1.281554E-10) 
        11        19 (-2.183369E-10,-3.618635E-11) 
        11        20 (-2.048590E-10,-5.852181E-13) 
        11        21 (7.154504E-11,1.162575E-10) 
        12         1 (-9.054127E-12,-9.655816E-11) 
        12         2 (5.094118E-11,5.166323E-11) 
        12         3 (6.128388E-11,-4.107187E-11) 
        12         4 (-2.485172E-12,-1.811194E-11) 
        12         5 (-9.717525E-11,-1.074395E-10) 
        12         6 (7.513567E-11,1.011612E-10) 
        12         7 (-5.160256E-11,-3.825662E-11) 
        12         8 (-5.640529E-11,3.508409E-11) 
        12         9 (9.457910E-11,-5.881313E-12) 
        12        10 (-1.220741E-11,8.228013E-11) 
        12        11 (-3.294247E-11,2.299352E-11) 
        12        12 (9.043065E-11,0.000000E+00) 
        12        13 (-6.727672E-11,-1.039005E-11) 
        12        14 (-7.685627E-11,-5.894233E-12) 
        12        15 (-7.504689E-11,-8.811228E-11) 
        12        16 (6.633236E-12,8.843849E-11) 
        12        17 (7.618192E-11,2.300473E-11) 
        12        18 (-1.019398E-10,-5.408369E-12) 
        12        19 (3.130685E-11,-4.650401E-11) 
        12        20 (-2.303710E-11,1.267040E-10) 
        12        21 (-8.777190E-12,-1.347442E-10) 
        13         1 (-3.696715E-10,2.877094E-10) 
        13         2 (-9.519852E-11,1.991085E-10) 
        13         3 (-5.450798E-11,4.007149E-10) 
        13         4 (-2.414976E-11,2.790116E-10) 
        13         5 (3.876927E-10,1.509825E-10) 
        13         6 (3.368917E-10,-2.752236E-10) 
        13         7 (3.670561E-11,-1.031356E-10) 
        13         8 (-2.734468E-10,-9.326191E-11) 
        13         9 (-2.513790E-10,-2.040847E-10) 
        13        10 (-2.121146E-10,-4.700709E-10) 
        13        11 (-2.843366E-10,-1.337438E-10) 
        13        12 (-6.727672E-11,1.039005E-11) 
        13        13 (4.221980E-10,0.000000E+00) 
        13        14 (3.185961E-10,1.131168E-10) 
        13        15 (-6.166476E-11,1.423473E-10) 
        13        16 (-1.501048E-11,-1.763256E-10) 
        13        17 (-9.499868E-11,-2.761415E-10) 
        13        18 (-8.239089E-11,-2.187305E-10) 
        13        19 (1.804825E-10,2.163587E-10) 
        13        20 (2.621844E-10,-2.628412E-11) 
        13        21 (-7.706713E-11,-3.510769E-11) 
        14         1 (-2.490725E-10,4.015976E-10) 
        14         2 (-5.214197E-11,9.520842E-11) 
        14         3 (1.517191E-11,3.308065E-10) 
        14         4 (3.686053E-11,2.685117E-10) 
        14         5 (3.915665E-10,1.160643E-10) 
        14         6 (1.701000E-10,-4.576166E-10) 
        14         7 (2.209121E-12,-6.627043E-11) 
        14         8 (-1.420148E-10,8.542714E-11) 
        14         9 (-3.246413E-10,-1.666735E-10) 
        14        10 (-2.797709E-10,-3.555465E-10) 
        14        11 (-2.382109E-10,-2.115864E-11) 
        14        12 (-7.685627E-11,5.894233E-12) 
        14        13 (3.185961E-10,-1.131168E-10) 
        14        14 (3.885927E-10,0.000000E+00) 
        14        15 (-2.152253E-11,2.616247E-10) 
        14        16 (-9.248174E-12,-2.128932E-10) 
        14        17 (-1.871932E-10,-2.815064E-10) 
        14        18 (-1.486449E-10,-3.845025E-11) 
        14        19 (2.764398E-10,8.402282E-11) 
        14        20 (2.541528E-10,-1.479361E-10) 
        14        21 (-1.554994E-10,9.680260E-11) 
        15         1 (4.124462E-10,1.963676E-10) 
        15         2 (-1.876598E-11,7.832580E-13) 
        15         3 (1.042459E-10,3.190661E-11) 
        15         4 (2.065009E-10,-1.385606E-10) 
        15         5 (1.548640E-10,-1.551402E-10) 
        15         6 (-5.100184E-10,-3.331315E-11) 
        15         7 (3.073339E-11,6.652768E-11) 
        15         8 (1.840923E-10,-1.351846E-10) 
        15         9 (-2.300716E-10,3.480585E-10) 
        15        10 (-9.184755E-11,1.654858E-10) 
        15        11 (4.143256E-11,8.668508E-11) 
        15        12 (-7.504689E-11,8.811228E-11) 
        15        13 (-6.166476E-11,-1.423473E-10) 
        15        14 (-2.152253E-11,-2.616247E-10) 
        15        15 (4.207520E-10,0.000000E+00) 
        15        16 (-2.465110E-10,-6.304452E-11) 
        15        17 (-2.667701E-10,2.512145E-10) 
        15        18 (2.699459E-10,3.314669E-11) 
        15        19 (-1.684309E-10,-1.271098E-10) 
        15        20 (-2.021450E-10,-2.951993E-10) 
        15        21 (2.637115E-10,2.362355E-10) 
        16         1 (-2.413129E-10,-1.736990E-10) 
        16         2 (-1.019203E-11,-1.308194E-10) 
        16         3 (-1.864975E-10,-1.169126E-10) 
        16         4 (-1.728811E-10,3.355195E-11) 
        16         5 (-1.733884E-10,2.378570E-10) 
        16         6 (2.713069E-10,2.810375E-11) 
        16         7 (4.260392E-12,3.643262E-11) 
        16         8 (2.669148E-11,8.133628E-11) 
        16         9 (1.453119E-10,-2.498811E-10) 
        16        10 (2.404413E-10,-7.995238E-11) 
        16        11 (7.761568E-11,-7.661944E-11) 
        16        12 (6.633236E-12,-8.843849E-11) 
        16        13 (-1.501048E-11,1.763256E-10) 
        16        14 (-9.248174E-12,2.128932E-10) 
        16        15 (-2.465110E-10,6.304452E-11) 
        16        16 (2.296600E-10,0.000000E+00) 
        16        17 (1.811186E-10,-1.606868E-10) 
        16        18 (-5.498148E-11,7.348216E-11) 
        16        19 (5.747383E-12,7.371952E-11) 
        16        20 (1.245126E-10,1.634179E-10) 
        16        21 (-1.926835E-10,-5.881702E-11) 
        17         1 (-1.809644E-10,-5.208689E-10) 
        17         2 (-7.860369E-11,-9.870908E-11) 
        17         3 (-2.284343E-10,-1.497626E-10) 
        17         4 (-3.251823E-10,-8.729560E-11) 
        17         5 (-2.588852E-10,1.822138E-10) 
        17         6 (3.139820E-10,4.520761E-10) 
        17         7 (8.011186E-11,-1.821155E-11) 
        17         8 (-8.211837E-11,-1.079114E-10) 
        17         9 (4.291855E-10,-1.463673E-10) 
        17        10 (3.894986E-10,-9.087268E-11) 
        17        11 (1.318666E-10,-1.826154E-10) 
        17        12 (7.618192E-11,-2.300473E-11) 
        17        13 (-9.499868E-11,2.761415E-10) 
        17        14 (-1.871932E-10,2.815064E-10) 
        17        15 (-2.667701E-10,-2.512145E-10) 
        17        16 (1.811186E-10,1.606868E-10) 
        17        17 (4.191529E-10,0.000000E+00) 
        17        18 (-2.663668E-11,-1.788096E-10) 
        17        19 (-6.559649E-11,2.443551E-10) 
        17        20 (-9.619996E-11,3.590599E-10) 
        17        21 (8.941217E-12,-2.676095E-10) 
        18         1 (1.692507E-10,-1.329362E-10) 
        18         2 (-1.573427E-10,-1.401921E-10) 
        18         3 (-2.643748E-10,-7.550414E-11) 
        18         4 (-2.898520E-11,-1.882510E-10) 
        18         5 (-4.893173E-11,2.153352E-10) 
        18         6 (-2.771395E-10,2.340190E-10) 
        18         7 (1.233941E-10,1.362569E-10) 
        18         8 (2.979736E-10,-3.340137E-10) 
        18         9 (-3.212684E-11,1.335960E-10) 
        18        10 (3.554197E-10,1.288089E-11) 
        18        11 (2.076114E-10,-1.281554E-10) 
        18        12 (-1.019398E-10,5.408369E-12) 
        18        13 (-8.239089E-11,2.187305E-10) 
        18        14 (-1.486449E-10,3.845025E-11) 
        18        15 (2.699459E-10,-3.314669E-11) 
        18        16 (-5.498148E-11,-7.348216E-11) 
        18        17 (-2.663668E-11,1.788096E-10) 
        18        18 (4.927668E-10,0.000000E+00) 
        18        19 (-4.048327E-10,2.752957E-11) 
        18        20 (-1.474242E-10,-9.152473E-11) 
        18        21 (2.430323E-10,2.041014E-10) 
        19         1 (-2.146013E-10,2.239874E-10) 
        19         2 (-2.441428E-11,1.382086E-10) 
        19         3 (1.744741E-10,2.212357E-10) 
        19         4 (1.374364E-11,3.029800E-10) 
        19         5 (2.784310E-10,-1.337937E-10) 
        19         6 (1.975288E-10,-3.193363E-10) 
        19         7 (-3.710445E-11,-1.684793E-10) 
        19         8 (-2.202997E-10,2.535881E-10) 
        19         9 (-8.072757E-11,-1.607805E-10) 
        19        10 (-4.211675E-10,-2.152166E-10) 
        19        11 (-2.183369E-10,3.618635E-11) 
        19        12 (3.130685E-11,4.650401E-11) 
        19        13 (1.804825E-10,-2.163587E-10) 
        19        14 (2.764398E-10,-8.402282E-11) 
        19        15 (-1.684309E-10,1.271098E-10) 
        19        16 (5.747383E-12,-7.371952E-11) 
        19        17 (-6.559649E-11,-2.443551E-10) 
        19        18 (-4.048327E-10,-2.752957E-11) 
        19        19 (4.875210E-10,0.000000E+00) 
        19        20 (1.383248E-10,1.861851E-12) 
        19        21 (-1.754612E-10,-5.212260E-11) 
        20         1 (-4.370397E-10,3.110031E-10) 
        20         2 (4.457764E-11,8.666944E-11) 
        20         3 (-5.270552E-11,1.989042E-10) 
        20         4 (2.943116E-11,2.535227E-10) 
        20         5 (1.105518E-10,1.974960E-10) 
        20         6 (3.943923E-10,-4.275332E-10) 
        20         7 (-8.231550E-11,-1.746438E-11) 
        20         8 (-1.110913E-10,1.207668E-10) 
        20         9 (-2.425817E-10,-3.322912E-10) 
        20        10 (-1.349878E-10,-2.687818E-10) 
        20        11 (-2.048590E-10,5.852181E-13) 
        20        12 (-2.303710E-11,-1.267040E-10) 
        20        13 (2.621844E-10,2.628412E-11) 
        20        14 (2.541528E-10,1.479361E-10) 
        20        15 (-2.021450E-10,2.951993E-10) 
        20        16 (1.245126E-10,-1.634179E-10) 
        20        17 (-9.619996E-11,-3.590599E-10) 
        20        18 (-1.474242E-10,9.152473E-11) 
        20        19 (1.383248E-10,-1.861851E-12) 
        20        20 (4.453391E-10,0.000000E+00) 
        20        21 (-3.281488E-10,1.457212E-11) 
        21         1 (2.668193E-10,-1.627980E-10) 
        21         2 (-1.390775E-10,6.832786E-11) 
        21         3 (-2.086220E-11,2.945011E-11) 
        21         4 (1.321392E-11,-1.453930E-10) 
        21         5 (7.662078E-11,-1.134198E-10) 
        21         6 (-2.873847E-10,3.663859E-10) 
        21         7 (9.827539E-11,-3.269517E-11) 
        21         8 (5.333890E-11,-3.109480E-10) 
        21         9 (6.926896E-11,2.473634E-10) 
        21        10 (5.877751E-11,6.250984E-11) 
        21        11 (7.154504E-11,-1.162575E-10) 
        21        12 (-8.777190E-12,1.347442E-10) 
        21        13 (-7.706713E-11,3.510769E-11) 
        21        14 (-1.554994E-10,-9.680260E-11) 
        21        15 (2.637115E-10,-2.362355E-10) 
        21        16 (-1.926835E-10,5.881702E-11) 
        21        17 (8.941217E-12,2.676095E-10) 
        21        18 (2.430323E-10,-2.041014E-10) 
        21        19 (-1.754612E-10,5.212260E-11) 
        21        20 (-3.281488E-10,-1.457212E-11) 
        21        21 (4.017929E-10,0.000000E+00) 
!  
